[GENERIC_EMISSIONS]

[CARBON_DIOXIDE]
c_1 = 1.8569682
age = -0.329955
temp = 0.0332459
resArea = 0.0799146
soilC = 0.015512
ResTP = 0.2263344
calc = -0.32996
# Conversion from mg CO2-C m-2 d-1 to g CO2eq m-2 yr-1
conv_coeff = 1.33925

[METHANE]
# CH4 diffusion
int_diff = 0.8031702
age_diff = -0.014187
littoral_diff = 0.4594447
eff_temp_CH4 = 0.0481904
# CH4 ebullition
int_ebull = -1.310432
littoral_ebull = 0.8515131
irrad_ebull = 0.051977
# CH4 degassing
int_degas = -6.910614
tw_degas = 0.6016803
ch4_diff = 2.9499679
ch_diff_age_term = -0.014187
# Conversion from mg CH4 m-2 d-1 to g CO2eq m-2 yr-1
conv_coeff = 16.55

[NITROUS_OXIDE]
